Q1:

0	.
1	31
2	41
3	53
4	93
5       .
6	26
7	97
8	58
9	59

Q2:

8/10

Q3:

No

Q4:

To find 72:

need to check slot 2 and slot 3

Q5:

To find 137:

need to check slot 7 and slot 8

Q6:

0	.
1	31
2	T
3	T
4	93
5	.
6	26
7	97
8	58
9	59

Q7:

0	106
1	31
2	107
3	110
4	93
5	.
6	26
7	97
8	58
9	59


Q8:

0	108
1	151
2	221
3	103
4	.
5	145
6	245
7	106
8	246
9	107


Q9:

No


Q10:

5, 6, 7


Q11:

0

Q12:

0	108
1	221
2	.
3	103
4	.
5	145
6	245
7	106
8	246
9	107

Q13:

0	.
1	221
2	.
3	103
4	.
5	245
6	106
7	246
8	107
9	108






